156
156
129
165
1000062
1000412
104
195
185
155
187
123
105
188
109
148
158
162
133
132
189
167
114
159
155
184
187
121
156
110
145
121
106
143
122
154
105
174
123
136
168
106
150
107
147
191
198
108
160
158
154
192
153
172
144
102
124
188
177
138
135
153
193
119
175
186
102
147
183
107
198
170
192
157
104
108
161
121
179
112
177
194
194
120
130
171
137
139
152
120
103
155
193
114
112
134
187
113
111
171
198
103
144
181
154
189
103
101
184
118
126
105
143
123
143
164
165
174
114
199
130
156
194
119
123
156
197
152
199
173
141
106
138
167
160
125
145
102
150
124
172
141
109
127
128
176
116
179
160
146
185
102
100
179
114
112
180
146
135
144
153
192
175
120
122
120
103
113
198
117
162
146
152
164
154
170
141
181
139
134
193
197
119
193
184
199
184
110
121
197
112
153
170
106
189
196
161
197
102
188
137
109
